-1 1 avx 10000 2 10 13805.4 13999.8
-1 2 avx 10000 2 10 7106.18 7170.55
-1 4 avx 10000 2 10 3682.32 3725.09
-1 6 avx 10000 2 10 2481.25 2505.17
-1 8 avx 10000 2 10 1874.91 1888.55
-1 10 avx 10000 2 10 1546.31 1551.13
-1 12 avx 10000 2 10 1452.19 1470.47
-1 14 avx 10000 2 10 1368.86 1400.97
-1 16 avx 10000 2 10 1299.08 1338.22
-1 18 avx 10000 2 10 1240.1 1280.83
-1 1 avx 20000 2 10 55147.8 55762.3
-1 2 avx 20000 2 10 28231.2 28539.9
-1 4 avx 20000 2 10 14674.2 14908.1
-1 6 avx 20000 2 10 9885.51 10021.5
-1 8 avx 20000 2 10 7454.18 7539.71
-1 10 avx 20000 2 10 6118.63 6156.06
-1 12 avx 20000 2 10 5762.89 5850.02
-1 14 avx 20000 2 10 5458.82 5579.32
-1 16 avx 20000 2 10 5181.97 5336.24
-1 18 avx 20000 2 10 4945.45 5121.39
-1 1 avx 30000 2 10 124011 125334
-1 2 avx 30000 2 10 63486.3 65063.5
-1 4 avx 30000 2 10 32991.8 33501
-1 6 avx 30000 2 10 22210.8 22395.2
-1 8 avx 30000 2 10 16740.8 16881.9
-1 10 avx 30000 2 10 13725.3 13798.9
-1 12 avx 30000 2 10 12946.6 13114.5
-1 14 avx 30000 2 10 12255 12553.5
-1 16 avx 30000 2 10 11646.6 11978.9
-1 18 avx 30000 2 10 11096.5 11469.6
-1 1 avx 40000 2 10 228482 222360
-1 2 avx 40000 2 10 113390 113707
-1 4 avx 40000 2 10 58685.4 59330.6
-1 6 avx 40000 2 10 39371.5 39810.4
-1 8 avx 40000 2 10 30085.8 30359.5
-1 10 avx 40000 2 10 24401.7 24580.7
-1 12 avx 40000 2 10 23013.6 23407.3
-1 14 avx 40000 2 10 21803.5 22283.4
-1 16 avx 40000 2 10 20699.6 21304.1
-1 18 avx 40000 2 10 19714.1 20392.4
-1 1 avx 50000 2 10 343072 345618
-1 2 avx 50000 2 10 176146 178054
-1 4 avx 50000 2 10 91632.9 92736.1
-1 6 avx 50000 2 10 61568.5 62171.8
-1 8 avx 50000 2 10 47021.4 47623.8
-1 10 avx 50000 2 10 38154.1 38424.8
-1 12 avx 50000 2 10 36016 36620
-1 14 avx 50000 2 10 34166.9 34805.4
-1 16 avx 50000 2 10 32351.8 33277.7
-1 18 avx 50000 2 10 30795.9 31848.5
-1 1 avx 60000 2 10 495795 500754
-1 2 avx 60000 2 10 254075 256698
-1 4 avx 60000 2 10 132046 133933
-1 6 avx 60000 2 10 88839.4 90044.5
-1 8 avx 60000 2 10 67029.5 67687.6
-1 10 avx 60000 2 10 54925.1 55310.2
-1 12 avx 60000 2 10 51836.3 52582.2
-1 14 avx 60000 2 10 49033.6 50131.2
-1 16 avx 60000 2 10 46567 47907.9
-1 18 avx 60000 2 10 44334.1 45870.8
-1 1 avx 70000 2 10 673807 681066
-1 2 avx 70000 2 10 345814 352743
-1 4 avx 70000 2 10 179846 181712
-1 6 avx 70000 2 10 120890 122073
-1 8 avx 70000 2 10 92062.6 93037.6
-1 10 avx 70000 2 10 74637 75176.7
-1 12 avx 70000 2 10 70654.1 72053.3
-1 14 avx 70000 2 10 67082.9 68387.5
-1 16 avx 70000 2 10 63531.2 65399.3
-1 18 avx 70000 2 10 60373.7 62444.2
-1 1 avx 80000 2 10 881112 889832
-1 2 avx 80000 2 10 455015 455904
-1 4 avx 80000 2 10 234641 237830
-1 6 avx 80000 2 10 157614 159008
-1 8 avx 80000 2 10 119073 120016
-1 10 avx 80000 2 10 97794 98275.7
-1 12 avx 80000 2 10 92183.4 93515
-1 14 avx 80000 2 10 87137.9 89170.5
-1 16 avx 80000 2 10 82791.2 85172.9
-1 18 avx 80000 2 10 78844.2 81520.3
-1 1 avx 90000 2 10 1.155e+06 1.12622e+06
-1 2 avx 90000 2 10 571477 577381
-1 4 avx 90000 2 10 297350 301550
-1 6 avx 90000 2 10 199734 201649
-1 8 avx 90000 2 10 150696 152193
-1 10 avx 90000 2 10 123560 124358
-1 12 avx 90000 2 10 116875 118679
-1 14 avx 90000 2 10 110225 112728
-1 16 avx 90000 2 10 104746 107776
-1 18 avx 90000 2 10 99727.6 103177
0 0 nosimd 10000 2 10 143.634 189.545
0 0 nosimd 20000 2 10 530.744 710.173
0 0 nosimd 30000 2 10 1182.14 1592.11
0 0 nosimd 40000 2 10 2086.95 2819.05
0 0 nosimd 50000 2 10 3255.18 4399.21
0 0 nosimd 60000 2 10 4678.87 6320.83
0 0 nosimd 70000 2 10 6365.7 8604.25
0 0 nosimd 80000 2 10 8313.2 11250.5
0 0 nosimd 90000 2 10 10497.9 14248.2
